3466,937
3466,5233
3466,8579
3466,10310
3466,15931
3466,17038
3466,18720
3466,19607
10310,1854
10310,3466
10310,4583
10310,5233
10310,9572
10310,10841
10310,13056
10310,14982
10310,16310
10310,19640
10310,23855
10310,24372
10310,24814
5052,899
5052,1796
5052,2287
5052,3096
5052,3386
5052,4472
5052,5346
5052,5740
5052,6094
5052,6376
5052,9124
5052,10235
5052,10427
5052,10597
5052,15159
5052,16148
5052,16741
5052,18235
5052,18549
5052,19297
5052,20511
5052,20595
5052,20613
5052,24371
5052,24559
5052,24731
5052,25102
5052,25271
5052,25396